27 0.06000000000000001
19 0.05
29 0.07
31 0.07
91 0.11
89 0.11
93 0.1
91 0.1
59 0.07
89 0.1
25 0.06000000000000001
43 0.11999999999999998
91 0.09
47 0.09
89 0.08
87 0.08
87 0.07
33 0.09
69 0.1
95 0.1
95 0.11
83 0.08
87 0.1
97 0.08
69 0.08
75 0.11
75 0.1
27 0.05
75 0.08
65 0.11
93 0.09
87 0.11
71 0.11
85 0.08
25 0.05
95 0.09
77 0.11
35 0.09
39 0.11
53 0.07
95 0.08
97 0.11999999999999998
93 0.11
87 0.09
61 0.08
35 0.1
27 0.07
85 0.11999999999999998
99 0.1
89 0.09
21 0.08
57 0.09
33 0.07
71 0.1
81 0.09
97 0.09
83 0.09
93 0.08
81 0.08
65 0.08
81 0.07
73 0.11
73 0.1
85 0.09
21 0.1
85 0.07
17 0.09
77 0.08
21 0.11
65 0.05
51 0.1
77 0.11999999999999998
49 0.09
99 0.08
57 0.08
15 0.08
45 0.11999999999999998
31 0.08
97 0.11
31 0.09
73 0.11999999999999998
39 0.06000000000000001
81 0.11999999999999998
45 0.11
41 0.07
23 0.05
83 0.11
79 0.11999999999999998
37 0.1
99 0.09
39 0.1
51 0.09
61 0.1
57 0.1
67 0.08
93 0.07
87 0.06000000000000001
53 0.09
63 0.07
53 0.11
91 0.08
65 0.1
67 0.11999999999999998
53 0.11999999999999998
39 0.09
59 0.08
75 0.11999999999999998
55 0.08
37 0.09
37 0.08
41 0.11
31 0.11999999999999998
43 0.08
35 0.11
53 0.1
65 0.11999999999999998
47 0.07
33 0.08
61 0.07
67 0.1
51 0.08
69 0.11
91 0.07
79 0.08
81 0.1
11 0.06000000000000001
19 0.08
89 0.14
83 0.07
89 0.12999999999999998
81 0.06000000000000001
13 0.07
67 0.09
19 0.11999999999999998
85 0.1
85 0.11
63 0.11999999999999998
63 0.1
69 0.11999999999999998
97 0.1
19 0.09
17 0.08
37 0.07
49 0.08
83 0.11999999999999998
27 0.11
77 0.07
15 0.06000000000000001
79 0.06000000000000001
77 0.1
55 0.11999999999999998
79 0.1
75 0.12999999999999998
67 0.12999999999999998
63 0.06000000000000001
13 0.05
47 0.11999999999999998
29 0.08
93 0.06000000000000001
65 0.07
37 0.11999999999999998
67 0.06000000000000001
77 0.06000000000000001
25 0.09
91 0.11999999999999998
79 0.07
35 0.07
67 0.07
17 0.07
87 0.12999999999999998
17 0.05
33 0.12999999999999998
59 0.09
41 0.09
43 0.07
87 0.11999999999999998
71 0.11999999999999998
29 0.11
87 0.14
97 0.14
97 0.15
33 0.11
61 0.06000000000000001
21 0.09
47 0.05
89 0.07
47 0.11
61 0.11
63 0.08
61 0.14
95 0.06000000000000001
99 0.07
55 0.09
13 0.08
23 0.06000000000000001
41 0.05
73 0.08
23 0.11
71 0.08
43 0.09
71 0.06000000000000001
29 0.11999999999999998
21 0.12999999999999998
51 0.11999999999999998
83 0.06000000000000001
69 0.07
65 0.12999999999999998
45 0.08
83 0.12999999999999998
83 0.1
79 0.09
91 0.06000000000000001
93 0.05
29 0.09
31 0.06000000000000001
93 0.11999999999999998
51 0.15
49 0.11
89 0.11999999999999998
55 0.06000000000000001
55 0.11
33 0.05
57 0.11
21 0.07
35 0.05
25 0.07
77 0.09
77 0.05
79 0.12999999999999998
75 0.07
75 0.06000000000000001
21 0.05
99 0.06000000000000001
71 0.05
43 0.11
69 0.06000000000000001
95 0.14
45 0.09
63 0.05
65 0.09
35 0.06000000000000001
87 0.05
25 0.11999999999999998
91 0.14
39 0.08
47 0.12999999999999998
99 0.11999999999999998
95 0.05
99 0.11
35 0.08
47 0.1
47 0.08
11 0.05
49 0.12999999999999998
45 0.05
29 0.06000000000000001
65 0.06000000000000001
23 0.1
69 0.12999999999999998
61 0.12999999999999998
25 0.1
71 0.09
85 0.06000000000000001
59 0.11
81 0.11
19 0.06000000000000001
15 0.1
73 0.07
85 0.12999999999999998
63 0.11
17 0.06000000000000001
47 0.06000000000000001
25 0.11
95 0.11999999999999998
53 0.15
23 0.12999999999999998
45 0.1
71 0.07
19 0.1
37 0.06000000000000001
41 0.08
41 0.06000000000000001
23 0.09
23 0.07
39 0.05
79 0.11
79 0.05
63 0.09
15 0.07
61 0.09
29 0.05
55 0.05
55 0.07
55 0.1
31 0.11
31 0.05
57 0.07
31 0.14
57 0.11999999999999998
93 0.12999999999999998
39 0.07
59 0.11999999999999998
59 0.14
59 0.1
99 0.12999999999999998
27 0.08
21 0.06000000000000001
53 0.08
49 0.07
37 0.11
49 0.1
53 0.06000000000000001
15 0.09
95 0.12999999999999998
73 0.06000000000000001
73 0.05
63 0.12999999999999998
41 0.11999999999999998
73 0.12999999999999998
25 0.08
43 0.05
33 0.06000000000000001
67 0.11
69 0.05
45 0.07
97 0.05
69 0.09
51 0.06000000000000001
43 0.1
49 0.05
33 0.1
93 0.14
31 0.1
23 0.11999999999999998
35 0.11999999999999998
15 0.05
13 0.06000000000000001
17 0.1
37 0.05
99 0.15
71 0.12999999999999998
73 0.09
73 0.14
75 0.14
49 0.06000000000000001
91 0.12999999999999998
41 0.1
61 0.05
89 0.06000000000000001
49 0.11999999999999998
69 0.14
67 0.14
99 0.05
51 0.05
49 0.15
59 0.12999999999999998
27 0.1
51 0.07
55 0.15
51 0.11
51 0.14
21 0.11999999999999998
99 0.14
81 0.12999999999999998
81 0.05
59 0.05
27 0.09
97 0.06000000000000001
95 0.07
89 0.05
85 0.05
35 0.15
61 0.11999999999999998
45 0.06000000000000001
45 0.12999999999999998
19 0.11
53 0.12999999999999998
71 0.14
57 0.14
59 0.15
23 0.08
39 0.11999999999999998
79 0.14
19 0.07
31 0.15
33 0.11999999999999998
33 0.15
41 0.12999999999999998
77 0.12999999999999998
83 0.05
81 0.15
97 0.07
13 0.09
75 0.05
25 0.14
81 0.14
9 0.14
9 0.12999999999999998
63 0.14
67 0.05
57 0.12999999999999998
57 0.06000000000000001
53 0.05
59 0.06000000000000001
57 0.15
47 0.15
43 0.12999999999999998
55 0.12999999999999998
29 0.1
43 0.06000000000000001
85 0.15
97 0.12999999999999998
11 0.11999999999999998
57 0.05
75 0.09
51 0.12999999999999998
91 0.05
33 0.14
9 0.11
65 0.15
11 0.15
37 0.14
39 0.15
37 0.12999999999999998
43 0.14
19 0.12999999999999998
47 0.14
27 0.12999999999999998
43 0.15
11 0.1
35 0.12999999999999998
17 0.11
95 0.15
7 0.05
85 0.14
13 0.14
87 0.15
41 0.15
11 0.07
27 0.11999999999999998
23 0.14
21 0.14
29 0.14
65 0.14
53 0.14
63 0.15
49 0.14
31 0.12999999999999998
61 0.15
91 0.15
83 0.14
7 0.06000000000000001
11 0.08
11 0.14
13 0.15
41 0.14
29 0.12999999999999998
89 0.15
9 0.08
15 0.11
25 0.12999999999999998
23 0.15
11 0.11
13 0.12999999999999998
13 0.11999999999999998
45 0.15
69 0.15
71 0.15
9 0.06000000000000001
55 0.14
75 0.15
9 0.11999999999999998
17 0.15
15 0.14
77 0.14
9 0.1
13 0.11
7 0.11
17 0.11999999999999998
83 0.15
73 0.15
93 0.15
45 0.14
9 0.07
77 0.15
37 0.15
9 0.15
11 0.09
79 0.15
67 0.15
39 0.14
15 0.15
29 0.15
35 0.14
21 0.15
13 0.1
27 0.15
11 0.12999999999999998
39 0.12999999999999998
17 0.14
5 0.06000000000000001
19 0.14
25 0.15
9 0.09
17 0.12999999999999998
15 0.11999999999999998
7 0.1
27 0.14
7 0.09
7 0.07
7 0.11999999999999998
19 0.15
9 0.05
5 0.09
7 0.08
7 0.15
5 0.05
15 0.12999999999999998
7 0.12999999999999998
5 0.08
7 0.14
5 0.07
3 0.07
5 0.11
5 0.11999999999999998
5 0.12999999999999998
3 0.06000000000000001
5 0.1
3 0.09
3 0.05
5 0.14
5 0.15
3 0.1
3 0.08
3 0.14
3 0.11999999999999998
3 0.11
3 0.12999999999999998
3 0.15
